0.4086146056652069 0
0.5277919173240662 0
0.37881186604499817 0
0.4094858169555664 0
0.47373518347740173 0
0.1518922597169876 1
0.2730274200439453 1
0.25383180379867554 1
0.16326776146888733 1
0.17219248414039612 1
0.2430218756198883 0
0.41796010732650757 0
0.19227942824363708 0
0.3812805712223053 0
0.3451163172721863 0
0.10795602947473526 1
0.3310670256614685 1
0.28632304072380066 1
0.17019039392471313 1
0.08046910166740417 1
0.5171465873718262 0
0.30462512373924255 0
0.33035197854042053 0
0.2166159451007843 0
0.23371796309947968 0
0.23154519498348236 1
0.19372433423995972 1
0.3011583983898163 1
0.36585915088653564 1
0.18651290237903595 1
0.3861982524394989 0
0.5370575189590454 0
0.5004561543464661 0
0.4509684145450592 0
0.23848271369934082 0
0.18753939867019653 1
0.1259380429983139 1
0.14935822784900665 1
0.11284931004047394 1
0.18729017674922943 1
0.42198750376701355 0
0.3812578022480011 0
0.28920215368270874 0
0.3278552293777466 0
0.42896768450737 0
0.17368052899837494 1
0.3060332238674164 1
0.28195229172706604 1
0.2781241238117218 1
0.3268333077430725 1
0.315335214138031 0
0.3239124119281769 0
0.43765687942504883 0
0.6018284559249878 0
0.170974463224411 0
0.12283570319414139 1
0.20959632098674774 1
0.2418026626110077 1
0.23562385141849518 1
0.2146049290895462 1
0.13380077481269836 0
0.3216674029827118 0
0.6297334432601929 0
0.2627239525318146 0
0.2183532416820526 1
0.3847123384475708 0
0.14557641744613647 1
0.2666863799095154 1
0.20368310809135437 1
0.23317086696624756 1
0.3008386492729187 0
0.5468365550041199 0
0.24688184261322021 0
0.16531938314437866 0
0.33459487557411194 0
0.085462786257267 1
0.1507725715637207 1
0.13656646013259888 1
0.17738546431064606 1
0.35987141728401184 1
0.4402610659599304 0
0.3748878538608551 0
0.3197748363018036 0
0.3768821358680725 0
0.4780828356742859 0
0.13978733122348785 1
0.1860744208097458 1
0.1320708692073822 1
